17
2001
x1
100
1000
1
2101
2104
2002
x2
100
1000
1
2101
2105
2003
x3
100
1000
1
2102
2104
2004
x4
100
1000
1
2104
2106
2005
x5
100
1000
1
2104
2107
2006
x6
100
1000
1
2104
2108
2007
x7
100
1000
1
2105
2107
2008
x8
100
1000
1
2103
2105
2009
x9
100
1000
1
2103
2108
2010
x10
100
1000
1
2109
2110
2011
x11
100
1000
1
2109
2111
2012
x12
100
1000
1
2109
2112
2013
x13
100
1000
1
2109
2113
2014
x14
100
1000
1
2110
2112
2015
x15
100
1000
1
2111
2112
2016
x16
100
1000
1
2111
2113
2017
x17
100
1000
1
2112
2113
13
2101
c1
9
2
1
2102
c2
9
1
1
2103
c3
9
2
1
2104
c4
9
5
1
2105
c5
9
3
1
2106
c6
9
1
1
2107
c7
9
2
1
2108
c8
9
2
1
2109
c9
9
4
1
2110
c10
9
2
1
2111
c11
9
3
1
2112
c12
9
4
1
2113
c13
9
3
1
