17
2001
x1
100
1000
1
0
0
2002
x2
100
1000
1
0
0
2003
x3
100
1000
1
0
0
2004
x4
100
1000
1
0
0
2005
x5
100
1000
1
0
0
2006
x6
100
1000
1
0
0
2007
x7
100
1000
1
0
0
2008
x8
100
1000
1
0
0
2009
x9
100
1000
1
0
0
2010
x10
100
1000
1
0
0
2011
x11
100
1000
1
0
0
2012
x12
100
1000
1
0
0
2013
x13
100
1000
1
0
0
2014
x14
100
1000
1
0
0
2015
x15
100
1000
1
0
0
2016
x16
100
1000
1
0
0
2017
x17
100
1000
1
0
0
13
2101
c1
9
0
1
2102
c2
9
0
1
2103
c3
9
0
1
2104
c4
9
0
1
2105
c5
9
0
1
2106
c6
9
0
1
2107
c7
9
0
1
2108
c8
9
0
1
2109
c9
9
0
1
2110
c10
9
0
1
2111
c11
9
0
1
2112
c12
9
0
1
2113
c13
9
0
1
